172,182
429,182
692,182
954,182
1212,182
1477,182
1734,182
1992,182
2257,182
2514,182
2772,182
3029,182
172,422
432,422
694,422
949,422
1217,422
1474,422
1737,422
1992,422
2254,422
2512,422
2774,422
3037,422
174,662
434,662
694,662
952,662
1214,662
1474,662
1734,662
1994,662
2252,662
2514,662
2769,662
3034,662
3627,872
3729,872
174,902
434,902
689,902
954,902
1217,902
1472,902
1732,902
1989,902
2254,902
2509,902
2777,902
3034,902
3787,874
3672,882
177,1142
432,1142
694,1142
957,1142
1214,1142
1474,1142
1734,1142
1989,1142
2254,1142
2514,1142
2774,1142
3034,1142
174,1382
434,1382
689,1382
954,1382
1214,1382
1474,1382
1732,1382
1994,1382
2254,1382
2514,1382
2774,1382
3032,1382
177,1622
437,1622
692,1622
954,1622
1212,1622
1474,1622
1732,1622
1994,1622
2254,1622
2514,1622
2774,1622
3034,1622
172,1862
434,1862
697,1862
954,1862
1214,1862
1469,1862
1734,1862
1997,1862
2254,1862
2514,1862
2769,1862
3034,1862
174,2102
434,2102
692,2102
954,2102
1212,2102
1474,2102
1732,2102
1994,2102
2249,2102
2514,2102
2774,2102
3032,2102
174,2342
432,2342
692,2342
954,2342
1214,2342
1469,2342
1737,2342
1994,2342
2257,2342
2509,2342
2772,2342
3029,2342
174,2582
437,2582
694,2582
954,2582
1214,2582
1474,2582
1729,2582
1994,2582
2254,2582
2514,2582
2774,2582
3032,2582
172,2822
434,2822
694,2822
957,2822
1214,2822
1474,2822
1729,2822
1994,2822
2254,2822
2509,2822
2769,2822
3032,2822
172,3062
434,3062
694,3062
957,3062
1214,3062
1477,3062
1732,3062
1994,3062
2254,3062
2514,3062
2769,3062
3029,3062
172,3302
432,3302
694,3302
954,3302
1212,3302
1477,3302
1734,3302
1997,3302
2254,3302
2514,3302
2772,3302
3037,3302
