302,119
1889,124
2994,124
822,124
947,124
1322,124
2249,124
2634,124
377,129
1642,577
2527,577
2657,577
2787,577
2589,579
2729,579
2162,779
2719,804
2584,837
627,904
1749,904
2812,929
569,1064
1427,1064
1622,1064
639,1064
1067,1047
812,1537
1412,1537
1562,1537
1862,1537
2012,1537
2459,1537
662,1539
962,1539
1112,1539
1262,1539
1712,1539
2162,1539
2309,1539
2612,1539
2762,1539
662,1682
812,1682
959,1682
1112,1682
1262,1682
1409,1682
1559,1682
1712,1682
1862,1682
2012,1682
2159,1682
2309,1682
2462,1682
2612,1682
2759,1682
662,1827
812,1827
962,1827
1112,1827
1259,1827
1412,1827
1559,1834
1709,1827
1859,1834
2012,1827
2162,1827
2312,1827
2462,1827
2612,1827
2759,1827
662,1972
812,1972
962,1972
1112,1972
1262,1972
1409,1972
1562,1972
1712,1972
1862,1972
2009,1972
2162,1972
2312,1972
2462,1972
2612,1972
2762,1972
1112,2112
2162,2112
2309,2112
662,2117
812,2114
962,2114
1262,2114
1412,2117
1562,2114
1712,2114
1862,2114
2012,2114
2462,2114
2609,2114
2762,2117
1112,2257
1262,2257
662,2259
812,2259
962,2259
1412,2259
1559,2259
1709,2259
1862,2259
2012,2259
2162,2259
2312,2259
2462,2259
2612,2259
2762,2259
1859,2412
2162,2402
2762,2402
662,2404
812,2404
959,2404
1112,2404
1262,2404
1412,2404
1562,2404
1712,2404
2012,2404
2312,2404
2459,2404
2612,2404
659,2547
812,2547
962,2547
1112,2547
1262,2547
1562,2547
1712,2547
1862,2547
2162,2547
2312,2547
2609,2547
1412,2549
2012,2549
2459,2549
2762,2549
662,2692
812,2692
962,2692
1262,2692
1412,2692
1712,2692
1862,2692
2009,2699
2162,2692
2309,2692
2462,2692
2612,2692
2762,2692
1112,2694
1562,2694
662,2837
812,2837
962,2837
1112,2837
1262,2837
1412,2837
1562,2837
1712,2837
1862,2837
2012,2837
2162,2837
2312,2837
2462,2837
2612,2837
2762,2837
662,2982
812,2982
959,2982
1109,2982
1259,2982
1412,2982
1562,2982
1712,2982
1862,2982
2009,2982
2162,2982
2312,2982
2459,2989
2609,2989
2762,2982
1112,3122
2009,3122
662,3124
812,3124
962,3124
1262,3124
1409,3124
1559,3124
1709,3124
1862,3124
2162,3124
2312,3124
2462,3124
2612,3124
2762,3124
1562,3267
2012,3267
2312,3267
2762,3267
662,3269
812,3269
962,3269
1112,3269
1262,3269
1412,3269
1712,3269
1859,3279
2162,3269
2462,3269
2609,3269
962,3412
1109,3419
662,3414
812,3414
1262,3414
1412,3414
1562,3414
1712,3414
1862,3414
2012,3414
2162,3414
2312,3414
2462,3414
2609,3414
2762,3414
244,3492
3042,3502
662,3557
812,3557
1112,3557
1412,3557
1562,3557
1712,3557
1862,3557
2012,3557
2312,3557
2462,3557
2759,3557
962,3559
1262,3559
2162,3559
2612,3559
777,3899
